595 429
780 362
299 286
1062 187
622 141
436 192
301 432
975 80
127 349
140 207
269 175
910 267
1014 297
368 132
280 367
214 169
55 162
488 146
568 149
205 359
899 344
74 42
831 288
844 204
951 182
300 206
725 419
777 117
839 147
1124 351
660 458
296 362
553 443
215 103
86 298
1057 117
497 85
603 292
112 41
522 260
268 124
419 361
267 232
780 318
145 273
696 378
938 389
156 401
974 275
556 302
554 352
744 113
898 100
307 125
649 90
1008 335
565 57
694 209
124 100
666 166
850 106
852 253
815 409
228 289
1093 281
560 208
383 78
513 321
887 160
465 417
484 207
958 343
1044 364
414 63
1030 81
1120 166
225 137
433 100
710 448
655 424
341 126